290
275
869
40
441
841
244
68
931
911
42
404
961
900
726
973
912
350
560
923
673
189
937
913
194
951
244
576
253
930
531
594
501
373
471
688
519
775
454
92
732
526
433
73
982
659
683
863
733
950
664
996
328
504
953
786
695
680
470
574
555
123
451
56
115
636
972
263
445
192
797
201
576
943
275
794
668
265
256
237
604
589
118
906
12
342
286
583
141
430
154
630
348
210
273
112
867
807
866
814
308
371
697
729
20
545
138
363
197
367
660
269
139
771
834
127
81
444
700
309
641
6
757
754
813
141
352
657
24
276
142
61
389
372
176
658
103
466
30
64
392
720
512
419
170
436
106
282
86
991
399
35
363
399
526
603
475
368
174
835
415
748
333
527
767
791
484
377
571
213
527
567
460
691
23
532
804
635
875
798
845
754
63
689
563
911
416
267
256
338
573
445
950
417
614
373
448
606
342
177
374
841
383
142
63
882
255
37
38
473
509
650
239
121
572
192
889
625
119
389
773
698
345
353
541
740
156
348
890
6
615
894
156
702
638
678
57
989
713
107
831
440
450
712
943
867
486
56
448
443
525
214
519
178
255
491
874
485
450
139
831
527
871
213
219
23
684
911
101
721
796
559
875
217
676
678
523
796
333
137
681
733
879
632
456
827
667
686
324
318
682
513
622
23
357
924
637
653
24
248
881
673
244
222
786
240
303
88
4
759
932
156
217
928
115
289
195
484
289
610
176
897
418
162
375
102
775
720
55
469
443
363
422
402
92
804
478
344
303
661
457
564
470
258
217
428
529
560
734
258
482
422
669
652
771
357
804
151
625
266
644
736
186
180
426
520
275
160
524
388
776
570
802
588
218
633
694
914
941
423
360
902
0
13
187
538
705
532
407
859
994
483
349
454
980
119
401
559
464
592
996
579
820
725
101
514
842
292
6
331
493
38
340
525
611
67
254
147
180
266
258
907
30
615
363
449
689
274
944
30
463
135
720
921
722
77
761
63
420
999
161
693
890
849
570
660
270
377
958
395
208
229
964
206
543
348
95
25
738
896
602
311
163
136
319
85
128
972
748
167
350
208
713
42
243
206
656
473
666
982
391
473
516
701
241
980
393
321
52
79
165
590
290
699
54
286
627
627
783
85
46
949
296
329
331
413
286
290
103
54
982
333
438
787
331
744
19
138
643
249
444
563
670
520
832
15
635
448
323
366
25
707
978
641
384
142
841
748
951
973
344
561
139
241
764
160
642
13
324
422
869
458
174
545
891
408
393
865
388
566
40
140
473
357
75
561
647
439
161
80
993
321
411
971
722
750
907
196
417
308
798
280
244
309
175
29
57
923
659
338
243
74
741
724
136
786
506
109
115
599
205
475
767
789
345
940
465
481
209
734
25
546
638
931
248
42
672
696
714
662
793
217
826
657
275
338
99
94
465
641
698
221
586
105
77
867
579
242
970
144
256
545
80
548
225
130
458
108
530
858
745
935
70
839
360
380
554
765
594
872
354
684
320
533
368
302
32
185
39
683
73
530
542
619
313
552
923
216
146
740
672
811
683
346
308
808
48
897
792
646
608
154
128
481
714
455
116
813
973
399
858
18
391
343
117
60
218
554
459
701
460
50
676
906
111
924
81
316
476
323
493
238
704
440
791
564
23
996
862
22
861
180
997
922
169
867
938
771
426
883
705
906
827
213
122
308
548
980
795
135
506
122
47
361
216
979
373
582
314
392
446
905
486
469
512
8
828
602
137
196
855
238
249
908
289
102
237
195
626
331
636
521
120
2
160
99
257
925
48
696
325
522
692
504
795
828
967
807
838
287
596
358
35
569
216
971
475
33
375
599
892
728
368
948
825
3
611
750
590
16
810
802
642
280
161
988
69
644
551
77
999
865
256
426
383
212
286
313
688
379
555
820
810
953
941
987
971
805
180
20
509
802
653
788
747
351
606
906
917
364
157
834
220
637
694
1
925
719
473
187
565
270
748
356
857
803
335
544
863
387
374
210
980
4
923
448
795
434
304
616
153
904
48
397
879
214
581
210
469
643
362
366
944
587
609
569
359
209
507
718
798
643
663
152
2
254
12
418
230
942
330
67
98
299
194
4
12
714
453
677
917
435
174
166
482
568
769
349
203
135
488
804
874
652
437
638
531
677
765
233
241
336
831
258
656
775
42
825
607
805
649
193
158
400
483
912
386
468
435
548
452
842
916
189
739
90
173
910
458
119
462
236
441
417
994
111
850
581
548
220
953
421
694
587
472
558
727
342
734
161
