0
1
2
2
3
4
4
4
6
6
6
8
12
12
12
13
13
15
16
18
19
20
20
22
23
23
23
23
24
24
25
25
25
29
30
30
30
32
33
35
35
37
38
38
39
40
40
42
42
42
42
46
47
48
48
48
50
52
54
54
55
56
56
57
57
60
61
63
63
63
64
67
67
68
69
70
73
73
74
75
77
77
77
79
80
80
81
81
85
85
86
88
90
92
92
94
95
98
99
99
101
101
102
102
103
103
105
106
107
108
109
111
111
112
115
115
115
116
117
118
119
119
119
120
121
122
122
123
127
128
128
130
135
135
135
136
136
137
137
138
138
139
139
139
140
141
141
142
142
142
144
146
147
151
152
153
154
154
156
156
156
157
158
160
160
160
161
161
161
161
162
163
165
166
167
169
170
173
174
174
174
175
176
176
177
178
180
180
180
180
185
186
187
187
189
189
192
192
193
194
194
195
195
196
196
197
201
203
205
206
206
208
208
209
209
210
210
210
212
213
213
213
214
214
216
216
216
217
217
217
217
218
218
219
220
220
221
222
225
229
230
233
236
237
237
238
238
239
240
241
241
241
242
243
243
244
244
244
244
248
248
249
249
253
254
254
255
255
256
256
256
256
257
258
258
258
258
263
265
266
266
267
269
270
270
273
274
275
275
275
275
276
280
280
282
286
286
286
286
287
289
289
289
290
290
290
292
296
299
302
303
303
304
308
308
308
308
309
309
311
313
313
314
316
318
319
320
321
321
323
323
324
324
325
328
329
330
331
331
331
331
333
333
333
335
336
338
338
338
340
342
342
342
343
344
344
345
345
346
348
348
348
349
349
350
350
351
352
353
354
356
357
357
357
358
359
360
360
361
362
363
363
363
363
364
366
366
367
368
368
368
371
372
373
373
373
374
374
375
375
377
377
379
380
383
383
384
386
387
388
388
389
389
391
391
392
392
393
393
395
397
399
399
399
400
401
402
404
407
408
411
413
415
416
417
417
417
418
418
419
420
421
422
422
422
423
426
426
426
428
430
433
434
435
435
436
437
438
439
440
440
441
441
443
443
444
444
445
445
446
448
448
448
448
449
450
450
451
452
453
454
454
455
456
457
458
458
458
459
460
460
462
463
464
465
465
466
468
469
469
469
470
470
471
472
473
473
473
473
473
475
475
475
476
478
481
481
482
482
483
483
484
484
485
486
486
488
491
493
493
501
504
504
506
506
507
509
509
512
512
513
514
516
519
519
520
520
521
522
523
524
525
525
526
526
527
527
527
529
530
530
531
531
532
532
533
538
541
542
543
544
545
545
545
546
548
548
548
548
551
552
554
554
555
555
558
559
559
560
560
561
561
563
563
564
564
565
566
567
568
569
569
570
570
571
572
573
574
576
576
579
579
581
581
582
583
586
587
587
588
589
590
590
592
594
594
596
599
599
602
602
603
604
606
606
607
608
609
610
611
611
614
615
615
616
619
622
625
625
626
627
627
630
632
633
635
635
636
636
637
637
638
638
638
641
641
641
642
642
643
643
643
644
644
646
647
649
650
652
652
653
653
656
656
657
657
658
659
659
660
660
661
662
663
664
666
667
668
669
670
672
672
673
673
676
676
677
677
678
678
680
681
682
683
683
683
684
684
686
688
688
689
689
691
692
693
694
694
694
695
696
696
697
698
698
699
700
701
701
702
704
705
705
707
712
713
713
714
714
714
718
719
720
720
720
721
722
722
724
725
726
727
728
729
732
733
733
734
734
734
736
738
739
740
740
741
744
745
747
748
748
748
748
750
750
754
754
757
759
761
764
765
765
767
767
769
771
771
771
773
775
775
775
776
783
786
786
786
787
788
789
791
791
792
793
794
795
795
795
796
796
797
798
798
798
802
802
802
803
804
804
804
804
805
805
807
807
808
810
810
811
813
813
814
820
820
825
825
826
827
827
828
828
831
831
831
832
834
834
835
838
839
841
841
841
842
842
845
849
850
855
857
858
858
859
861
862
863
863
865
865
866
867
867
867
867
869
869
871
872
874
874
875
875
879
879
881
882
883
889
890
890
891
892
894
896
897
897
900
902
904
905
906
906
906
906
907
907
908
910
911
911
911
912
912
913
914
916
917
917
921
922
923
923
923
923
924
924
925
925
928
930
931
931
932
935
937
938
940
941
941
942
943
943
944
944
948
949
950
950
951
951
953
953
953
958
961
964
967
970
971
971
971
972
972
973
973
973
978
979
980
980
980
980
982
982
982
987
988
989
991
993
994
994
996
996
996
997
999
999
