729
622
953
972
786
201
15
101
85
910
561
331
50
382
210
764
15
269
210
575
132
330
218
177
233
685
666
545
911
443
101
806
191
651
532
578
482
696
450
839
486
737
273
311
466
844
787
510
838
428
288
517
191
775
599
979
76
264
320
780
54
570
731
512
294
383
275
793
442
303
49
635
958
913
850
810
763
106
540
459
679
78
998
243
562
649
963
910
482
575
540
941
979
918
522
362
225
733
327
515
647
799
9
868
518
36
413
627
831
696
763
318
544
253
233
587
793
323
804
78
830
487
387
232
335
658
461
712
594
730
761
433
83
98
462
155
780
239
488
63
803
783
817
366
518
36
411
851
367
636
922
227
14
589
528
447
848
442
900
915
103
118
383
474
528
26
232
113
15
240
834
196
270
747
516
533
184
199
44
679
362
639
438
792
782
525
687
778
460
394
712
359
142
787
780
386
896
3
824
446
865
147
139
586
580
53
277
51
408
587
830
54
865
781
960
301
539
451
196
593
355
983
741
612
600
729
294
806
391
891
193
709
42
89
333
128
911
207
428
691
774
310
894
787
89
244
84
447
301
622
347
743
977
322
399
278
255
723
841
141
269
764
733
976
894
789
452
387
654
738
211
74
25
875
766
109
740
987
922
893
830
865
399
469
291
184
164
753
517
567
885
503
614
309
995
438
144
863
184
266
742
775
942
336
938
987
431
744
175
93
423
621
98
818
492
818
353
361
486
342
918
776
503
63
271
992
931
978
690
161
714
590
568
861
550
123
744
761
406
692
753
823
577
339
436
397
497
570
586
354
608
900
398
330
603
203
738
251
396
450
381
894
362
475
735
650
274
927
145
976
468
382
408
193
160
715
205
70
724
861
535
602
740
45
915
914
627
537
560
734
888
794
179
629
498
867
369
462
29
851
150
488
75
422
589
310
902
99
930
62
664
681
801
547
613
943
650
524
500
350
252
754
614
995
440
917
520
41
231
853
313
912
426
722
353
202
782
724
663
544
335
327
487
596
886
800
854
906
909
493
793
737
957
700
60
551
439
86
875
407
793
668
791
968
733
335
956
513
783
116
142
937
782
499
197
873
839
519
583
267
159
684
351
200
790
994
452
966
75
463
919
907
92
994
3
149
125
659
780
195
142
166
934
60
803
149
743
762
925
299
434
385
792
420
854
12
82
279
711
174
460
335
514
960
856
572
7
127
666
5
638
687
228
549
419
509
146
909
616
485
499
383
663
225
268
956
13
9
26
451
215
159
418
770
458
860
505
713
614
249
620
538
804
754
451
696
207
491
368
568
119
700
179
788
696
587
818
480
224
193
333
172
651
526
766
397
714
345
728
763
67
285
754
962
6
138
243
383
591
882
589
741
834
672
92
378
183
763
951
479
740
38
774
674
358
701
371
56
790
441
577
611
336
930
540
750
920
282
130
112
193
941
855
740
408
257
709
672
611
635
151
878
480
963
186
322
973
781
322
37
148
518
40
152
709
785
671
167
262
449
704
824
315
184
221
427
42
583
386
483
20
729
643
181
3
501
311
151
977
939
391
449
640
696
831
236
156
828
903
511
912
255
288
802
872
691
34
327
724
874
543
919
166
659
783
495
530
313
190
551
547
946
315
116
933
810
938
815
751
669
153
203
507
636
18
914
594
799
981
860
296
596
845
184
813
449
135
603
553
943
247
989
630
678
471
448
208
154
931
734
857
3
12
544
710
127
808
123
542
593
47
994
181
142
400
620
824
627
60
902
34
872
258
48
964
621
434
184
78
98
10
123
692
167
972
935
853
825
402
761
279
340
741
686
390
460
40
535
974
880
741
107
959
74
595
220
208
487
19
336
843
498
683
826
979
244
524
633
530
73
893
949
474
924
31
914
448
477
660
958
495
23
209
8
691
591
113
528
565
136
753
750
337
317
865
16
757
19
335
650
14
970
442
342
141
581
279
864
937
793
904
866
37
541
83
241
247
782
550
243
237
709
168
944
519
958
721
870
899
90
250
750
912
177
908
289
869
142
565
664
730
139
256
273
807
438
862
554
534
847
434
206
568
363
39
145
622
730
347
472
700
819
972
633
401
702
20
596
344
296
929
726
148
432
922
208
428
981
393
525
524
566
158
802
437
440
914
413
545
841
183
892
33
818
346
738
233
850
237
25
631
268
800
369
432
973
684
294
316
2
830
746
441
114
368
281
455
892
654
139
166
71
302
283
72
485
82
946
245
766
368
275
200
459
367
430
190
326
724
139
315
468
110
24
740
266
971
65
83
769
