2
3
3
3
3
5
6
7
8
9
9
10
12
12
13
14
14
15
15
15
16
18
19
19
20
20
23
24
25
25
26
26
29
31
33
34
34
36
36
37
37
38
39
40
40
41
42
42
44
45
47
48
49
50
51
53
54
54
56
60
60
60
62
63
63
65
67
70
71
72
73
74
74
75
75
76
78
78
78
82
82
83
83
83
84
85
86
89
89
90
92
92
93
98
98
98
99
101
101
103
106
107
109
110
112
113
113
114
116
116
118
119
123
123
123
125
127
127
128
130
132
135
136
138
139
139
139
139
141
141
142
142
142
142
142
144
145
145
146
147
148
148
149
149
150
151
151
152
153
154
155
156
158
159
159
160
161
164
166
166
166
167
167
168
172
174
175
177
177
179
179
181
181
183
183
184
184
184
184
184
184
186
190
190
191
191
193
193
193
193
195
196
196
197
199
200
200
201
202
203
203
205
206
207
207
208
208
208
209
210
210
211
215
218
220
221
224
225
225
227
228
231
232
232
233
233
233
236
237
237
239
240
241
243
243
243
244
244
245
247
247
249
250
251
252
253
255
255
256
257
258
262
264
266
266
267
268
268
269
269
270
271
273
273
274
275
275
277
278
279
279
279
281
282
283
285
288
288
289
291
294
294
294
296
296
299
301
301
302
303
309
310
310
311
311
313
313
315
315
315
316
317
318
320
322
322
322
323
326
327
327
327
330
330
331
333
333
335
335
335
335
335
336
336
336
337
339
340
342
342
344
345
346
347
347
350
351
353
353
354
355
358
359
361
362
362
362
363
366
367
367
368
368
368
369
369
371
378
381
382
382
383
383
383
383
385
386
386
387
387
390
391
391
393
394
396
397
397
398
399
399
400
401
402
406
407
408
408
408
411
413
413
418
419
420
422
423
426
427
428
428
428
430
431
432
432
433
434
434
434
436
437
438
438
438
439
440
440
441
441
442
442
442
443
446
447
447
448
448
449
449
449
450
450
451
451
451
452
452
455
458
459
459
460
460
460
461
462
462
463
466
468
468
469
471
472
474
474
475
477
479
480
480
482
482
483
485
485
486
486
487
487
487
488
488
491
492
493
495
495
497
498
498
499
499
500
501
503
503
505
507
509
510
511
512
513
514
515
516
517
517
518
518
518
519
519
520
522
524
524
524
525
525
526
528
528
528
530
530
532
533
534
535
535
537
538
539
540
540
540
541
542
543
544
544
544
545
545
547
547
549
550
550
551
551
553
554
560
561
562
565
565
566
567
568
568
568
570
570
572
575
575
577
577
578
580
581
583
583
586
586
587
587
587
589
589
589
590
591
591
593
593
594
594
595
596
596
596
599
600
602
603
603
608
611
611
612
613
614
614
614
616
620
620
621
621
622
622
622
627
627
627
629
630
631
633
633
635
635
636
636
638
639
640
643
647
649
650
650
650
651
651
654
654
658
659
659
660
663
663
664
664
666
666
668
669
671
672
672
674
678
679
679
681
683
684
684
685
686
687
687
690
691
691
691
692
692
696
696
696
696
696
700
700
700
701
702
704
709
709
709
709
710
711
712
712
713
714
714
715
721
722
723
724
724
724
724
726
728
729
729
729
730
730
730
731
733
733
733
734
734
735
737
737
738
738
738
740
740
740
740
740
741
741
741
741
742
743
743
744
744
746
747
750
750
750
751
753
753
753
754
754
754
757
761
761
761
762
763
763
763
763
764
764
766
766
766
769
770
774
774
775
775
776
778
780
780
780
780
781
781
782
782
782
782
783
783
783
785
786
787
787
787
788
789
790
790
791
792
792
793
793
793
793
793
794
799
799
800
800
801
802
802
803
803
804
804
806
806
807
808
810
810
813
815
817
818
818
818
818
819
823
824
824
824
825
826
828
830
830
830
830
831
831
834
834
838
839
839
841
841
843
844
845
847
848
850
850
851
851
853
853
854
854
855
856
857
860
860
861
861
862
863
864
865
865
865
865
866
867
868
869
870
872
872
873
874
875
875
878
880
882
885
886
888
891
892
892
893
893
894
894
894
896
899
900
900
902
902
903
904
906
907
908
909
909
910
910
911
911
912
912
912
913
914
914
914
914
915
915
917
918
918
919
919
920
922
922
922
924
925
927
929
930
930
931
931
933
934
935
937
937
938
938
939
941
941
942
943
943
944
946
946
949
951
953
956
956
957
958
958
958
959
960
960
962
963
963
964
966
968
970
971
972
972
972
973
973
974
976
976
977
977
978
979
979
979
981
981
983
987
987
989
992
994
994
994
995
995
998
